111 19 44 255 255 25 0
111 19 44 254 255 28 0
 CRC Fail
112 -0.247137 -78.495766 2996.90
111 19 44 255 254 25 0
112 -0.247137 -78.495766 2996.90
111 19 44 255 255 26 0
111 19 44 255 255 25 0
111 19 44 255 255 25 0
111 19 44 255 254 25 0
111 19 44 255 255 24 0
111 19 44 254 255 27 0
111 19 44 255 254 26 0
111 19 44 254 255 23 0
111 19 44 254 255 26 0
111 19 44 255 254 26 0
112 -0.247137 -78.495766 2996.90
111 19 44 254 255 26 0
111 19 44 255 255 26 0
111 19 44 255 254 23 0
111 19 44 255 255 27 0
111 19 44 255 254 27 0
111 19 44 254 255 26 0
112 -0.247137 -78.495766 2996.90
111 19 44 255 255 25 0
111 19 44 254 255 37 0
111 19 44 255 255 31 0
111 19 44 255 255 26 0
111 19 44 254 255 25 0
111 19 44 255 255 31 0
111 19 45 255 254 27 0
111 19 45 254 254 29 0
111 19 44 255 255 27 0
111 19 44 255 254 28 0
111 19 44 255 255 28 0
111 19 44 254 254 27 0
111 19 44 255 255 27 0
111 19 44 255 255 28 0
111 19 44 255 255 25 0
111 19 44 255 255 24 0
111 19 44 255 255 23 0
111 19 44 255 255 25 0
111 19 44 255 255 26 0
111 19 44 255 254 24 0
112 -0.247137 -78.495766 2996.90
111 19 44 255 255 26 0
111 19 44 254 254 29 0
111 19 44 255 255 32 0
111 19 44 255 255 34 0
112 -0.247137 -78.495766 2996.90
111 19 45 255 255 30 0
111 19 45 255 254 27 0
111 19 44 254 254 27 0
111 19 44 254 255 24 0
111 19 44 255 254 29 0
111 19 44 255 255 27 0
111 19 44 255 254 21 0
111 19 44 254 255 26 0
112 -0.247137 -78.495766 2996.90
111 19 44 255 255 26 1
111 19 44 255 254 24 1
111 19 45 255 255 25 1
111 19 44 254 255 26 1
111 19 44 255 255 25 1
111 19 44 255 255 23 1
112 -0.247137 -78.495766 2996.90
111 19 44 255 254 24 0
111 19 44 255 255 26 0
111 19 44 255 255 23 0
111 19 44 254 255 23 0
111 19 44 255 255 25 0
111 19 44 254 255 21 0
111 19 44 255 254 24 0
 CRC Fail
111 19 44 254 255 23 0
111 19 44 255 254 23 0
111 19 44 255 255 25 0
111 19 44 255 255 25 0
111 19 44 255 255 25 0
111 19 44 255 255 23 0
111 19 44 255 255 25 0
111 19 44 255 254 21 0
111 19 44 255 255 23 0
111 19 44 254 255 23 0
111 19 44 255 254 25 0
111 19 44 255 255 22 0
112 -0.247137 -78.495766 2996.90
111 19 45 254 255 24 0
111 19 45 255 254 24 0
111 19 44 255 254 24 0
111 19 44 255 255 25 0
111 19 45 255 255 25 1
111 19 45 255 255 25 1
111 19 45 254 255 23 1
111 19 45 255 255 24 0
111 19 44 255 255 24 0
112 -0.247137 -78.495766 2996.90
111 19 44 254 255 25 1
111 19 44 255 255 22 1
111 19 44 255 254 24 0
111 19 44 255 255 23 0
111 19 44 254 254 24 0
112 -0.247137 -78.495766 2996.90
111 19 44 255 255 23 0
111 19 44 254 255 25 0
111 19 45 254 255 23 0
111 19 45 255 255 25 0
112 -0.247137 -78.495766 2996.90
111 19 44 254 254 20 0
111 19 44 255 254 23 0
111 19 44 254 255 22 0
112 -0.247137 -78.495766 2996.90
111 19 44 255 165 25 0
111 19 44 255 153 26 0
111 19 44 255 159 25 0
111 19 44 255 174 23 0
111 19 44 255 169 23 0
111 19 44 254 162 23 0
111 19 44 255 207 23 0
111 19 44 255 226 22 0
111 19 44 255 239 25 0
111 19 44 254 248 23 0
111 19 44 255 252 21 0
111 19 44 255 254 23 0
111 19 44 255 254 25 0
111 19 44 255 254 25 0
111 19 44 255 254 23 0
111 19 44 255 254 23 0
111 19 44 255 255 21 0
111 19 44 255 255 25 0
112 -0.247137 -78.495766 2996.90
111 19 44 255 255 21 0
111 19 44 255 255 23 0
111 19 44 255 255 25 0
111 19 44 255 255 23 0
111 19 44 255 255 22 0
111 19 44 255 255 21 0
111 19 44 255 254 25 0
112 -0.247137 -78.495766 1000000.00
111 19 44 254 255 25 0
111 19 44 255 254 20 0
111 19 44 255 254 20 0
111 19 44 254 255 21 0
111 19 44 255 255 24 0
111 19 44 255 254 23 0
111 19 44 255 255 26 1
111 19 44 255 255 23 1
112 -0.247137 -78.495766 2996.90.00
111 19 44 255 255 24 1
111 19 44 255 254 26 1
111 19 44 255 255 23 1
111 19 44 255 254 22 1
111 19 44 254 255 25 1
111 19 44 255 254 24 1
111 19 44 254 255 25 1
111 19 44 255 255 26 1
111 19 44 254 254 26 1
112 -0.247137 -78.495766 2996.90.00
111 19 44 255 255 25 1
112 -0.247137 -78.495766 2996.90.00
111 19 44 255 255 24 1
112 -0.247137 -78.495766 2996.90.00
111 19 44 255 255 26 1
111 19 44 255 255 24 1
111 19 44 255 254 25 1
111 19 44 255 255 27 1
111 19 44 255 255 23 1
111 19 44 255 254 22 1
111 19 44 254 254 23 1
112 -0.247137 -78.495766 2996.90.00
111 19 44 254 255 28 0
 CRC Fail
112 -0.247137 -78.495766 2996.90.00
111 19 44 255 254 23 0
111 19 44 254 254 24 0
111 19 44 255 255 25 0
111 19 44 255 255 25 0
111 19 44 255 255 23 0
111 19 44 255 255 25 0
111 19 44 255 255 24 0
111 19 44 255 255 25 0
111 19 44 254 255 26 0
111 19 44 255 255 26 0
111 19 44 255 255 23 0
111 19 44 255 255 25 0
111 19 44 255 255 23 0
111 19 44 255 254 23 0
111 19 44 255 254 25 0
112 -0.247137 -78.495766 1000000.00
111 19 44 255 255 25 0
112 -0.247137 -78.495766 2996.90.00
111 19 44 255 255 23 1
111 19 44 255 254 26 1
111 19 44 255 255 23 1
111 19 44 255 254 21 1
111 19 45 254 255 25 1
112 -0.247137 -78.495766 2996.90.00
 CRC Fail
111 19 46 254 255 22 0
111 19 46 254 254 25 1
111 19 47 255 255 23 1
111 19 47 254 255 20 1
111 19 48 255 254 26 1
111 19 48 254 255 24 1
112 -0.247137 -78.495766 2996.90.00
111 19 47 254 255 21 1
111 19 47 255 255 23 1
111 19 47 255 255 22 1
112 -0.247137 -78.495766 2996.90.00
111 19 47 254 255 22 1
111 19 47 255 255 23 1
111 19 47 255 254 23 1
111 19 46 255 254 23 1
111 19 46 255 255 23 1
111 19 46 254 255 26 1
111 19 46 255 255 23 1
111 19 46 254 255 25 1
111 19 46 255 255 24 1
111 19 46 255 255 23 1
111 19 46 254 255 22 1
111 19 45 254 255 21 1
111 19 45 255 255 23 1
112 -0.247137 -78.495766 2996.90.00
111 19 45 255 255 25 1
111 19 45 255 255 24 1
111 19 45 255 254 24 0
111 19 45 255 255 23 0
111 19 46 255 254 24 0
111 19 45 255 255 24 0
111 19 45 255 254 23 0
112 -0.247137 -78.495766 2996.90.00
111 19 45 255 255 23 0
111 19 45 255 254 24 0
111 19 45 255 255 24 0
111 19 45 254 255 25 0
111 19 45 255 255 26 0
111 19 45 255 255 24 0
111 19 45 255 255 25 0
111 19 45 255 255 24 0
111 19 45 255 255 25 0
111 19 45 255 254 22 0
111 19 45 254 255 25 0
111 19 45 255 255 24 0
112 -0.247137 -78.495766 2996.90.00
111 19 45 254 254 25 0
111 21 99 254 255 25 0
112 -0.247137 -78.495766 2996.90.00
111 21 99 255 255 25 0
111 21 99 254 255 26 0
111 21 99 255 254 25 0
112 -0.247137 -78.495766 2996.90.00
111 20 99 255 255 25 0
111 20 99 255 255 23 0
111 21 99 255 255 25 0
112 -0.247137 -78.495766 2996.90.00
111 21 99 255 254 23 0
111 20 99 255 255 23 0
112 -0.247137 -78.495766 2996.90.00
111 20 99 255 255 25 0
111 20 99 255 255 25 0
111 20 99 255 255 24 0
112 -0.247137 -78.495766 2996.90.00
111 20 99 254 255 22 0
111 20 99 255 255 23 0
111 20 99 255 254 25 0
111 20 99 255 255 23 0
111 20 99 255 255 25 0
111 20 99 255 255 25 0
111 20 99 255 255 27 0
111 20 99 254 255 23 0
111 20 99 255 255 24 0
111 20 99 255 255 23 0
112 -0.247137 -78.495766 2996.90.00
111 20 99 255 255 25 0
112 -0.247137 -78.495766 2996.90.00
111 20 99 255 255 23 0
112 -0.247137 -78.495766 2996.90.00
111 20 99 255 255 23 0
111 20 99 255 255 25 0
111 20 99 255 255 23 0
112 -0.247137 -78.495766 2996.90.00
111 20 99 254 255 23 0
112 -0.247137 -78.495766 2996.90.00
111 20 99 255 254 25 0
112 -0.247137 -78.495766 2996.90.00
111 20 99 255 255 25 0
112 -0.247137 -78.495766 2996.90.00
111 20 99 255 255 22 0
112 -0.247137 -78.495766 2996.90.00
111 20 99 255 255 25 0
111 20 99 255 254 25 0
111 20 99 255 255 25 0
112 -0.247137 -78.495766 2996.90.00
111 20 99 255 254 23 0
111 20 99 254 254 23 0
111 20 99 255 255 25 0
111 20 99 255 255 21 0
111 20 99 255 255 23 0
111 20 99 255 255 21 0
111 20 99 254 254 24 0
111 20 99 254 255 24 0
111 20 99 254 254 24 0
111 20 99 255 255 22 0
112 -0.247137 -78.495766 2996.90.00
111 20 99 255 255 22 0
112 -0.247137 -78.495766 2996.90.00
111 20 99 254 255 26 0
111 20 99 255 255 23 0
111 20 99 255 255 23 0
112 -0.247137 -78.495766 2996.90.00
111 20 99 255 255 24 0
111 20 99 255 255 22 0
111 20 99 254 255 21 0
112 -0.247137 -78.495766 2996.90.00
111 20 99 255 255 25 0
112 -0.247137 -78.495766 2996.90.00
111 20 99 255 255 24 0
111 20 99 254 254 22 0
112 -0.247137 -78.495766 2996.90.00
111 20 99 255 255 22 0
111 20 99 255 254 22 0
111 20 99 254 255 24 0
111 20 99 254 255 24 0
112 -0.247137 -78.495766 1000000.00
111 20 99 255 255 24 0
111 20 99 254 254 25 0
112 -0.247137 -78.495766 2996.90.00
111 20 94 255 255 22 0
111 20 94 255 255 23 0
112 -0.247137 -78.495766 2996.90.00
111 20 90 255 255 20 0
111 20 90 255 255 24 0
111 20 85 255 254 24 0
111 20 85 254 255 26 0
112 -0.247137 -78.495766 2996.90.00
111 20 81 255 254 23 0

111 20 99 255 254 23 0
111 20 99 254 254 23 0
111 20 99 255 255 25 0
111 20 99 255 255 21 0
111 20 99 255 255 23 0
111 20 99 255 255 21 0
111 20 99 254 254 24 0
111 20 99 254 255 24 0
111 20 99 254 254 24 0
111 20 99 255 255 22 0
112 -0.246476 -78.495385 2996.90.00
111 20 99 255 255 22 0
112 -0.246476 -78.495385 2996.90.00
111 20 99 254 255 26 0
111 20 99 255 255 23 0
111 20 99 255 255 23 0
112 -0.246476 -78.495385 2996.90.00
111 20 99 255 255 24 0
111 20 99 255 255 22 0
111 20 99 254 255 21 0
112 -0.248814 -78.495018 2996.90.00
111 20 99 255 255 25 0
112 -0.248814 -78.495018 2996.90.00
111 20 99 255 255 24 0
111 20 99 254 254 22 0
112 -0.248814 -78.495018 2996.90.00
111 20 99 255 255 22 0
111 20 99 256 254 22 0
111 20 99 257 255 24 0
111 20 99 258 255 24 0